19
25
1111000000111110000001111
1111000000111110000001111
0111000000111110000001110
0111100001111111000011110
0111100001110111000011110
0111100001110111000011110
0111100001110111000011110
0011100011110111100011100
0011100011100011100011100
0011110011100011100111100
0011110011100011100111100
0001110111000011110111000
0001110111000001110111000
0001110111000001110111000
0001110111000001110111000
0000111110000001111111000
0000111110000000111110000
0000111110000000111110000
0000111110000000111110000
